DumpID		                Time		     Step
     0		0.00000000000000e+00		        0
     1		5.00000000000000e-04		        1
     2		1.00000000000000e-03		        2
     3		1.50000000000000e-03		        3
     4		2.00000000000000e-03		        4
     5		2.50000000000000e-03		        5
     6		3.00000000000000e-03		        6
     7		3.50000000000000e-03		        7
     8		4.00000000000000e-03		        8
     9		4.50000000000000e-03		        9
    10		5.00000000000000e-03		       10
    11		5.50000000000000e-03		       11
    12		6.00000000000000e-03		       12
    13		6.50000000000000e-03		       13
    14		7.00000000000000e-03		       14
    15		7.50000000000000e-03		       15
    16		8.00000000000000e-03		       16
    17		8.50000000000000e-03		       17
    18		9.00000000000000e-03		       18
    19		9.50000000000000e-03		       19
    20		1.00000000000000e-02		       20
    21		1.05000000000000e-02		       21
    22		1.10000000000000e-02		       22
    23		1.15000000000000e-02		       23
    24		1.20000000000000e-02		       24
    25		1.25000000000000e-02		       25
    26		1.30000000000000e-02		       26
    27		1.35000000000000e-02		       27
    28		1.40000000000000e-02		       28
    29		1.45000000000000e-02		       29
    30		1.50000000000000e-02		       30
    31		1.55000000000000e-02		       31
    32		1.60000000000000e-02		       32
    33		1.65000000000000e-02		       33
    34		1.70000000000000e-02		       34
    35		1.75000000000000e-02		       35
    36		1.80000000000000e-02		       36
    37		1.85000000000000e-02		       37
    38		1.90000000000000e-02		       38
    39		1.95000000000000e-02		       39
    40		2.00000000000000e-02		       40
    41		2.05000000000000e-02		       41
    42		2.10000000000000e-02		       42
    43		2.15000000000000e-02		       43
    44		2.20000000000000e-02		       44
    45		2.25000000000000e-02		       45
    46		2.30000000000000e-02		       46
    47		2.35000000000000e-02		       47
    48		2.40000000000000e-02		       48
    49		2.45000000000000e-02		       49
    50		2.50000000000000e-02		       50
    51		2.55000000000000e-02		       51
    52		2.60000000000000e-02		       52
    53		2.65000000000000e-02		       53
    54		2.70000000000000e-02		       54
    55		2.75000000000000e-02		       55
    56		2.80000000000000e-02		       56
    57		2.85000000000000e-02		       57
    58		2.90000000000000e-02		       58
    59		2.95000000000000e-02		       59
    60		3.00000000000000e-02		       60
    61		3.05000000000000e-02		       61
    62		3.10000000000000e-02		       62
    63		3.15000000000000e-02		       63
    64		3.20000000000000e-02		       64
    65		3.25000000000000e-02		       65
    66		3.30000000000000e-02		       66
    67		3.35000000000000e-02		       67
    68		3.40000000000000e-02		       68
    69		3.45000000000000e-02		       69
    70		3.50000000000000e-02		       70
    71		3.55000000000000e-02		       71
    72		3.60000000000000e-02		       72
    73		3.65000000000000e-02		       73
    74		3.70000000000000e-02		       74
    75		3.75000000000000e-02		       75
    76		3.80000000000000e-02		       76
    77		3.85000000000000e-02		       77
    78		3.90000000000000e-02		       78
    79		3.95000000000000e-02		       79
    80		4.00000000000000e-02		       80
    81		4.05000000000000e-02		       81
    82		4.10000000000000e-02		       82
    83		4.15000000000000e-02		       83
    84		4.20000000000000e-02		       84
    85		4.25000000000000e-02		       85
    86		4.30000000000000e-02		       86
    87		4.35000000000000e-02		       87
    88		4.40000000000000e-02		       88
    89		4.45000000000000e-02		       89
    90		4.50000000000000e-02		       90
    91		4.55000000000000e-02		       91
    92		4.60000000000000e-02		       92
    93		4.65000000000000e-02		       93
    94		4.70000000000000e-02		       94
    95		4.75000000000000e-02		       95
    96		4.80000000000000e-02		       96
    97		4.85000000000000e-02		       97
    98		4.90000000000000e-02		       98
    99		4.95000000000000e-02		       99
   100		5.00000000000000e-02		      100
   101		5.05000000000000e-02		      101
   102		5.10000000000000e-02		      102
   103		5.15000000000000e-02		      103
   104		5.20000000000000e-02		      104
   105		5.25000000000000e-02		      105
   106		5.30000000000000e-02		      106
   107		5.35000000000000e-02		      107
   108		5.40000000000000e-02		      108
   109		5.45000000000000e-02		      109
   110		5.50000000000000e-02		      110
   111		5.55000000000000e-02		      111
   112		5.60000000000000e-02		      112
   113		5.65000000000000e-02		      113
   114		5.70000000000000e-02		      114
   115		5.75000000000000e-02		      115
   116		5.80000000000000e-02		      116
   117		5.85000000000000e-02		      117
   118		5.90000000000000e-02		      118
   119		5.95000000000000e-02		      119
   120		6.00000000000000e-02		      120
   121		6.05000000000000e-02		      121
   122		6.10000000000000e-02		      122
   123		6.15000000000000e-02		      123
   124		6.20000000000000e-02		      124
   125		6.25000000000000e-02		      125
   126		6.30000000000000e-02		      126
   127		6.35000000000000e-02		      127
   128		6.40000000000000e-02		      128
   129		6.45000000000000e-02		      129
   130		6.50000000000000e-02		      130
   131		6.55000000000000e-02		      131
   132		6.60000000000000e-02		      132
   133		6.65000000000000e-02		      133
   134		6.70000000000000e-02		      134
   135		6.75000000000000e-02		      135
   136		6.80000000000000e-02		      136
   137		6.85000000000000e-02		      137
   138		6.90000000000000e-02		      138
   139		6.95000000000000e-02		      139
   140		7.00000000000000e-02		      140
   141		7.05000000000000e-02		      141
   142		7.10000000000000e-02		      142
   143		7.15000000000000e-02		      143
   144		7.20000000000000e-02		      144
   145		7.25000000000000e-02		      145
   146		7.30000000000000e-02		      146
   147		7.35000000000000e-02		      147
   148		7.40000000000000e-02		      148
   149		7.45000000000000e-02		      149
   150		7.50000000000000e-02		      150
   151		7.55000000000000e-02		      151
   152		7.60000000000000e-02		      152
   153		7.65000000000000e-02		      153
   154		7.70000000000000e-02		      154
   155		7.75000000000000e-02		      155
   156		7.80000000000000e-02		      156
   157		7.85000000000000e-02		      157
   158		7.90000000000000e-02		      158
   159		7.95000000000000e-02		      159
   160		8.00000000000000e-02		      160
   161		8.05000000000000e-02		      161
   162		8.10000000000000e-02		      162
   163		8.15000000000000e-02		      163
   164		8.20000000000000e-02		      164
   165		8.25000000000000e-02		      165
   166		8.30000000000000e-02		      166
   167		8.35000000000000e-02		      167
   168		8.40000000000000e-02		      168
   169		8.45000000000000e-02		      169
   170		8.50000000000000e-02		      170
   171		8.55000000000000e-02		      171
   172		8.60000000000000e-02		      172
   173		8.65000000000000e-02		      173
   174		8.70000000000000e-02		      174
   175		8.75000000000000e-02		      175
   176		8.80000000000000e-02		      176
   177		8.85000000000000e-02		      177
   178		8.90000000000000e-02		      178
   179		8.95000000000000e-02		      179
   180		9.00000000000000e-02		      180
   181		9.05000000000000e-02		      181
   182		9.10000000000000e-02		      182
   183		9.15000000000000e-02		      183
   184		9.20000000000000e-02		      184
   185		9.25000000000000e-02		      185
   186		9.30000000000000e-02		      186
   187		9.35000000000000e-02		      187
   188		9.40000000000000e-02		      188
   189		9.45000000000000e-02		      189
   190		9.50000000000000e-02		      190
   191		9.55000000000000e-02		      191
   192		9.60000000000000e-02		      192
   193		9.65000000000000e-02		      193
   194		9.70000000000000e-02		      194
   195		9.75000000000000e-02		      195
   196		9.80000000000000e-02		      196
   197		9.85000000000000e-02		      197
   198		9.90000000000000e-02		      198
   199		9.95000000000000e-02		      199
   200		1.00000000000000e-01		      200
   201		1.00500000000000e-01		      201
   202		1.01000000000000e-01		      202
   203		1.01500000000000e-01		      203
   204		1.02000000000000e-01		      204
   205		1.02500000000000e-01		      205
   206		1.03000000000000e-01		      206
   207		1.03500000000000e-01		      207
   208		1.04000000000000e-01		      208
   209		1.04500000000000e-01		      209
   210		1.05000000000000e-01		      210
   211		1.05500000000000e-01		      211
   212		1.06000000000000e-01		      212
   213		1.06500000000000e-01		      213
   214		1.07000000000000e-01		      214
   215		1.07500000000000e-01		      215
   216		1.08000000000000e-01		      216
   217		1.08500000000000e-01		      217
   218		1.09000000000000e-01		      218
   219		1.09500000000000e-01		      219
   220		1.10000000000000e-01		      220
   221		1.10500000000000e-01		      221
   222		1.11000000000000e-01		      222
   223		1.11500000000000e-01		      223
   224		1.12000000000000e-01		      224
   225		1.12500000000000e-01		      225
   226		1.13000000000000e-01		      226
   227		1.13500000000000e-01		      227
   228		1.14000000000000e-01		      228
   229		1.14500000000000e-01		      229
   230		1.15000000000000e-01		      230
   231		1.15500000000000e-01		      231
   232		1.16000000000000e-01		      232
   233		1.16500000000000e-01		      233
   234		1.17000000000000e-01		      234
   235		1.17500000000000e-01		      235
   236		1.18000000000000e-01		      236
   237		1.18500000000000e-01		      237
   238		1.19000000000000e-01		      238
   239		1.19500000000000e-01		      239
   240		1.20000000000000e-01		      240
   241		1.20500000000000e-01		      241
   242		1.21000000000000e-01		      242
   243		1.21500000000000e-01		      243
   244		1.22000000000000e-01		      244
   245		1.22500000000000e-01		      245
   246		1.23000000000000e-01		      246
   247		1.23500000000000e-01		      247
   248		1.24000000000000e-01		      248
   249		1.24500000000000e-01		      249
   250		1.25000000000000e-01		      250
   251		1.25500000000000e-01		      251
   252		1.26000000000000e-01		      252
   253		1.26500000000000e-01		      253
   254		1.27000000000000e-01		      254
   255		1.27500000000000e-01		      255
   256		1.28000000000000e-01		      256
   257		1.28500000000000e-01		      257
   258		1.29000000000000e-01		      258
   259		1.29500000000000e-01		      259
   260		1.30000000000000e-01		      260
   261		1.30500000000000e-01		      261
   262		1.31000000000000e-01		      262
   263		1.31500000000000e-01		      263
   264		1.32000000000000e-01		      264
   265		1.32500000000000e-01		      265
   266		1.33000000000000e-01		      266
   267		1.33500000000000e-01		      267
   268		1.34000000000000e-01		      268
   269		1.34500000000000e-01		      269
   270		1.35000000000000e-01		      270
   271		1.35500000000000e-01		      271
   272		1.36000000000000e-01		      272
   273		1.36500000000000e-01		      273
   274		1.37000000000000e-01		      274
   275		1.37500000000000e-01		      275
   276		1.38000000000000e-01		      276
   277		1.38500000000000e-01		      277
   278		1.39000000000000e-01		      278
   279		1.39500000000000e-01		      279
   280		1.40000000000000e-01		      280
   281		1.40500000000000e-01		      281
   282		1.41000000000000e-01		      282
   283		1.41500000000000e-01		      283
   284		1.42000000000000e-01		      284
   285		1.42500000000000e-01		      285
   286		1.43000000000000e-01		      286
   287		1.43500000000000e-01		      287
   288		1.44000000000000e-01		      288
   289		1.44500000000000e-01		      289
   290		1.45000000000000e-01		      290
   291		1.45500000000000e-01		      291
   292		1.46000000000000e-01		      292
   293		1.46500000000000e-01		      293
   294		1.47000000000000e-01		      294
   295		1.47500000000000e-01		      295
   296		1.48000000000000e-01		      296
   297		1.48500000000000e-01		      297
   298		1.49000000000000e-01		      298
   299		1.49500000000000e-01		      299
   300		1.50000000000000e-01		      300
   301		1.50500000000000e-01		      301
   302		1.51000000000000e-01		      302
   303		1.51500000000000e-01		      303
   304		1.52000000000000e-01		      304
   305		1.52500000000000e-01		      305
   306		1.53000000000000e-01		      306
   307		1.53500000000000e-01		      307
   308		1.54000000000000e-01		      308
   309		1.54500000000000e-01		      309
   310		1.55000000000000e-01		      310
   311		1.55500000000000e-01		      311
   312		1.56000000000000e-01		      312
   313		1.56500000000000e-01		      313
   314		1.57000000000000e-01		      314
   315		1.57500000000000e-01		      315
   316		1.58000000000000e-01		      316
   317		1.58500000000000e-01		      317
   318		1.59000000000000e-01		      318
   319		1.59500000000000e-01		      319
   320		1.60000000000000e-01		      320
   321		1.60500000000000e-01		      321
   322		1.61000000000000e-01		      322
   323		1.61500000000000e-01		      323
   324		1.62000000000000e-01		      324
   325		1.62500000000000e-01		      325
   326		1.63000000000000e-01		      326
   327		1.63500000000000e-01		      327
   328		1.64000000000000e-01		      328
   329		1.64500000000000e-01		      329
   330		1.65000000000000e-01		      330
   331		1.65500000000000e-01		      331
   332		1.66000000000000e-01		      332
   333		1.66500000000000e-01		      333
   334		1.67000000000000e-01		      334
   335		1.67500000000000e-01		      335
   336		1.68000000000000e-01		      336
   337		1.68500000000000e-01		      337
   338		1.69000000000000e-01		      338
   339		1.69500000000000e-01		      339
   340		1.70000000000000e-01		      340
   341		1.70500000000000e-01		      341
   342		1.71000000000000e-01		      342
   343		1.71500000000000e-01		      343
   344		1.72000000000000e-01		      344
   345		1.72500000000000e-01		      345
   346		1.73000000000000e-01		      346
   347		1.73500000000000e-01		      347
   348		1.74000000000000e-01		      348
   349		1.74500000000000e-01		      349
   350		1.75000000000000e-01		      350
   351		1.75500000000000e-01		      351
   352		1.76000000000000e-01		      352
   353		1.76500000000000e-01		      353
   354		1.77000000000000e-01		      354
   355		1.77500000000000e-01		      355
   356		1.78000000000000e-01		      356
   357		1.78500000000000e-01		      357
   358		1.79000000000000e-01		      358
   359		1.79500000000000e-01		      359
   360		1.80000000000000e-01		      360
   361		1.80500000000000e-01		      361
   362		1.81000000000000e-01		      362
   363		1.81500000000000e-01		      363
   364		1.82000000000000e-01		      364
   365		1.82500000000000e-01		      365
   366		1.82746845622079e-01		      366
