#         Time          Step               dt         NCell  NUpdate_Cell   ElapsedTime  Perf_Overall  Perf_PerRank   NUpdate_Lv0   NUpdate_Lv1   NUpdate_Lv2   NUpdate_Lv3   NUpdate_Lv4   NUpdate_Lv5   NUpdate_Lv6   NUpdate_Lv7   NUpdate_Lv8   NUpdate_Lv9
 5.0000000e-04             1    5.0000000e-04      5.57e+05      5.57e+05      3.17e+00      1.76e+05      1.76e+05             1             1             1             1             0             0             0             0             0             0
 1.0000000e-03             2    5.0000000e-04      5.57e+05      5.57e+05      3.28e+00      1.70e+05      1.70e+05             1             1             1             1             0             0             0             0             0             0
 1.5000000e-03             3    5.0000000e-04      5.57e+05      5.57e+05      3.26e+00      1.71e+05      1.71e+05             1             1             1             1             0             0             0             0             0             0
 2.0000000e-03             4    5.0000000e-04      5.57e+05      5.57e+05      3.33e+00      1.67e+05      1.67e+05             1             1             1             1             0             0             0             0             0             0
 2.5000000e-03             5    5.0000000e-04      5.57e+05      5.57e+05      3.28e+00      1.70e+05      1.70e+05             1             1             1             1             0             0             0             0             0             0
 3.0000000e-03             6    5.0000000e-04      5.57e+05      5.57e+05      3.27e+00      1.70e+05      1.70e+05             1             1             1             1             0             0             0             0             0             0
 3.5000000e-03             7    5.0000000e-04      5.57e+05      5.57e+05      3.26e+00      1.71e+05      1.71e+05             1             1             1             1             0             0             0             0             0             0
 4.0000000e-03             8    5.0000000e-04      5.57e+05      5.57e+05      3.31e+00      1.68e+05      1.68e+05             1             1             1             1             0             0             0             0             0             0
 4.5000000e-03             9    5.0000000e-04      5.57e+05      5.57e+05      3.28e+00      1.70e+05      1.70e+05             1             1             1             1             0             0             0             0             0             0
 5.0000000e-03            10    5.0000000e-04      5.57e+05      5.57e+05      3.25e+00      1.71e+05      1.71e+05             1             1             1             1             0             0             0             0             0             0
 5.5000000e-03            11    5.0000000e-04      5.57e+05      5.57e+05      3.27e+00      1.70e+05      1.70e+05             1             1             1             1             0             0             0             0             0             0
 6.0000000e-03            12    5.0000000e-04      5.57e+05      5.57e+05      3.34e+00      1.67e+05      1.67e+05             1             1             1             1             0             0             0             0             0             0
 6.5000000e-03            13    5.0000000e-04      5.57e+05      5.57e+05      3.30e+00      1.69e+05      1.69e+05             1             1             1             1             0             0             0             0             0             0
 7.0000000e-03            14    5.0000000e-04      5.57e+05      5.57e+05      3.35e+00      1.66e+05      1.66e+05             1             1             1             1             0             0             0             0             0             0
 7.5000000e-03            15    5.0000000e-04      5.57e+05      5.57e+05      3.30e+00      1.69e+05      1.69e+05             1             1             1             1             0             0             0             0             0             0
 8.0000000e-03            16    5.0000000e-04      5.57e+05      5.57e+05      3.35e+00      1.66e+05      1.66e+05             1             1             1             1             0             0             0             0             0             0
 8.5000000e-03            17    5.0000000e-04      5.57e+05      5.57e+05      3.30e+00      1.69e+05      1.69e+05             1             1             1             1             0             0             0             0             0             0
 9.0000000e-03            18    5.0000000e-04      5.57e+05      5.57e+05      3.30e+00      1.69e+05      1.69e+05             1             1             1             1             0             0             0             0             0             0
 9.5000000e-03            19    5.0000000e-04      5.57e+05      5.57e+05      3.31e+00      1.68e+05      1.68e+05             1             1             1             1             0             0             0             0             0             0
 1.0000000e-02            20    5.0000000e-04      5.57e+05      5.57e+05      3.36e+00      1.66e+05      1.66e+05             1             1             1             1             0             0             0             0             0             0
 1.0500000e-02            21    5.0000000e-04      5.57e+05      5.57e+05      3.27e+00      1.70e+05      1.70e+05             1             1             1             1             0             0             0             0             0             0
 1.1000000e-02            22    5.0000000e-04      5.57e+05      5.57e+05      3.29e+00      1.69e+05      1.69e+05             1             1             1             1             0             0             0             0             0             0
 1.1500000e-02            23    5.0000000e-04      5.57e+05      5.57e+05      3.28e+00      1.70e+05      1.70e+05             1             1             1             1             0             0             0             0             0             0
 1.2000000e-02            24    5.0000000e-04      5.57e+05      5.57e+05      3.34e+00      1.67e+05      1.67e+05             1             1             1             1             0             0             0             0             0             0
 1.2500000e-02            25    5.0000000e-04      5.57e+05      5.57e+05      3.27e+00      1.70e+05      1.70e+05             1             1             1             1             0             0             0             0             0             0
 1.3000000e-02            26    5.0000000e-04      5.57e+05      5.57e+05      3.27e+00      1.70e+05      1.70e+05             1             1             1             1             0             0             0             0             0             0
 1.3500000e-02            27    5.0000000e-04      5.57e+05      5.57e+05      3.28e+00      1.70e+05      1.70e+05             1             1             1             1             0             0             0             0             0             0
 1.4000000e-02            28    5.0000000e-04      5.57e+05      5.57e+05      3.32e+00      1.68e+05      1.68e+05             1             1             1             1             0             0             0             0             0             0
 1.4500000e-02            29    5.0000000e-04      5.57e+05      5.57e+05      3.27e+00      1.70e+05      1.70e+05             1             1             1             1             0             0             0             0             0             0
 1.5000000e-02            30    5.0000000e-04      5.57e+05      5.57e+05      3.28e+00      1.70e+05      1.70e+05             1             1             1             1             0             0             0             0             0             0
 1.5500000e-02            31    5.0000000e-04      5.57e+05      5.57e+05      3.32e+00      1.68e+05      1.68e+05             1             1             1             1             0             0             0             0             0             0
 1.6000000e-02            32    5.0000000e-04      5.57e+05      5.57e+05      3.33e+00      1.67e+05      1.67e+05             1             1             1             1             0             0             0             0             0             0
 1.6500000e-02            33    5.0000000e-04      5.57e+05      5.57e+05      3.28e+00      1.70e+05      1.70e+05             1             1             1             1             0             0             0             0             0             0
 1.7000000e-02            34    5.0000000e-04      5.57e+05      5.57e+05      3.33e+00      1.67e+05      1.67e+05             1             1             1             1             0             0             0             0             0             0
 1.7500000e-02            35    5.0000000e-04      5.57e+05      5.57e+05      3.33e+00      1.68e+05      1.68e+05             1             1             1             1             0             0             0             0             0             0
 1.8000000e-02            36    5.0000000e-04      5.57e+05      5.57e+05      3.34e+00      1.67e+05      1.67e+05             1             1             1             1             0             0             0             0             0             0
 1.8500000e-02            37    5.0000000e-04      5.57e+05      5.57e+05      3.28e+00      1.70e+05      1.70e+05             1             1             1             1             0             0             0             0             0             0
 1.9000000e-02            38    5.0000000e-04      5.57e+05      5.57e+05      3.28e+00      1.70e+05      1.70e+05             1             1             1             1             0             0             0             0             0             0
 1.9500000e-02            39    5.0000000e-04      5.57e+05      5.57e+05      3.27e+00      1.70e+05      1.70e+05             1             1             1             1             0             0             0             0             0             0
 2.0000000e-02            40    5.0000000e-04      5.57e+05      5.57e+05      3.34e+00      1.67e+05      1.67e+05             1             1             1             1             0             0             0             0             0             0
 2.0500000e-02            41    5.0000000e-04      5.57e+05      5.57e+05      3.29e+00      1.69e+05      1.69e+05             1             1             1             1             0             0             0             0             0             0
 2.1000000e-02            42    5.0000000e-04      5.57e+05      5.57e+05      3.26e+00      1.71e+05      1.71e+05             1             1             1             1             0             0             0             0             0             0
 2.1500000e-02            43    5.0000000e-04      5.57e+05      5.57e+05      3.28e+00      1.70e+05      1.70e+05             1             1             1             1             0             0             0             0             0             0
 2.2000000e-02            44    5.0000000e-04      5.57e+05      5.57e+05      3.31e+00      1.68e+05      1.68e+05             1             1             1             1             0             0             0             0             0             0
 2.2500000e-02            45    5.0000000e-04      5.57e+05      5.57e+05      3.29e+00      1.69e+05      1.69e+05             1             1             1             1             0             0             0             0             0             0
 2.3000000e-02            46    5.0000000e-04      5.57e+05      5.57e+05      3.32e+00      1.68e+05      1.68e+05             1             1             1             1             0             0             0             0             0             0
 2.3500000e-02            47    5.0000000e-04      5.57e+05      5.57e+05      3.30e+00      1.69e+05      1.69e+05             1             1             1             1             0             0             0             0             0             0
 2.4000000e-02            48    5.0000000e-04      5.57e+05      5.57e+05      3.38e+00      1.65e+05      1.65e+05             1             1             1             1             0             0             0             0             0             0
 2.4500000e-02            49    5.0000000e-04      5.57e+05      5.57e+05      3.29e+00      1.69e+05      1.69e+05             1             1             1             1             0             0             0             0             0             0
 2.5000000e-02            50    5.0000000e-04      5.57e+05      5.57e+05      3.28e+00      1.70e+05      1.70e+05             1             1             1             1             0             0             0             0             0             0
 2.5500000e-02            51    5.0000000e-04      5.57e+05      5.57e+05      3.26e+00      1.71e+05      1.71e+05             1             1             1             1             0             0             0             0             0             0
 2.6000000e-02            52    5.0000000e-04      5.57e+05      5.57e+05      3.32e+00      1.68e+05      1.68e+05             1             1             1             1             0             0             0             0             0             0
 2.6500000e-02            53    5.0000000e-04      5.57e+05      5.57e+05      3.32e+00      1.68e+05      1.68e+05             1             1             1             1             0             0             0             0             0             0
 2.7000000e-02            54    5.0000000e-04      5.57e+05      5.57e+05      3.31e+00      1.68e+05      1.68e+05             1             1             1             1             0             0             0             0             0             0
 2.7500000e-02            55    5.0000000e-04      5.57e+05      5.57e+05      3.25e+00      1.71e+05      1.71e+05             1             1             1             1             0             0             0             0             0             0
 2.8000000e-02            56    5.0000000e-04      5.57e+05      5.57e+05      3.34e+00      1.67e+05      1.67e+05             1             1             1             1             0             0             0             0             0             0
 2.8500000e-02            57    5.0000000e-04      5.57e+05      5.57e+05      3.26e+00      1.71e+05      1.71e+05             1             1             1             1             0             0             0             0             0             0
 2.9000000e-02            58    5.0000000e-04      5.57e+05      5.57e+05      3.29e+00      1.69e+05      1.69e+05             1             1             1             1             0             0             0             0             0             0
 2.9500000e-02            59    5.0000000e-04      5.57e+05      5.57e+05      3.28e+00      1.70e+05      1.70e+05             1             1             1             1             0             0             0             0             0             0
 3.0000000e-02            60    5.0000000e-04      5.57e+05      5.57e+05      3.38e+00      1.65e+05      1.65e+05             1             1             1             1             0             0             0             0             0             0
 3.0500000e-02            61    5.0000000e-04      5.57e+05      5.57e+05      3.34e+00      1.67e+05      1.67e+05             1             1             1             1             0             0             0             0             0             0
 3.1000000e-02            62    5.0000000e-04      5.57e+05      5.57e+05      3.31e+00      1.68e+05      1.68e+05             1             1             1             1             0             0             0             0             0             0
 3.1500000e-02            63    5.0000000e-04      5.57e+05      5.57e+05      3.29e+00      1.69e+05      1.69e+05             1             1             1             1             0             0             0             0             0             0
 3.2000000e-02            64    5.0000000e-04      5.57e+05      5.57e+05      3.37e+00      1.65e+05      1.65e+05             1             1             1             1             0             0             0             0             0             0
 3.2500000e-02            65    5.0000000e-04      5.57e+05      5.57e+05      3.27e+00      1.71e+05      1.71e+05             1             1             1             1             0             0             0             0             0             0
 3.3000000e-02            66    5.0000000e-04      5.57e+05      5.57e+05      3.35e+00      1.66e+05      1.66e+05             1             1             1             1             0             0             0             0             0             0
 3.3500000e-02            67    5.0000000e-04      5.57e+05      5.57e+05      3.27e+00      1.70e+05      1.70e+05             1             1             1             1             0             0             0             0             0             0
 3.4000000e-02            68    5.0000000e-04      5.57e+05      5.57e+05      3.32e+00      1.68e+05      1.68e+05             1             1             1             1             0             0             0             0             0             0
 3.4500000e-02            69    5.0000000e-04      5.57e+05      5.57e+05      3.32e+00      1.68e+05      1.68e+05             1             1             1             1             0             0             0             0             0             0
 3.5000000e-02            70    5.0000000e-04      5.57e+05      5.57e+05      3.29e+00      1.69e+05      1.69e+05             1             1             1             1             0             0             0             0             0             0
 3.5500000e-02            71    5.0000000e-04      5.57e+05      5.57e+05      3.27e+00      1.70e+05      1.70e+05             1             1             1             1             0             0             0             0             0             0
 3.6000000e-02            72    5.0000000e-04      5.57e+05      5.57e+05      3.33e+00      1.67e+05      1.67e+05             1             1             1             1             0             0             0             0             0             0
 3.6500000e-02            73    5.0000000e-04      5.57e+05      5.57e+05      3.34e+00      1.67e+05      1.67e+05             1             1             1             1             0             0             0             0             0             0
 3.7000000e-02            74    5.0000000e-04      5.57e+05      5.57e+05      3.30e+00      1.69e+05      1.69e+05             1             1             1             1             0             0             0             0             0             0
 3.7500000e-02            75    5.0000000e-04      5.57e+05      5.57e+05      3.29e+00      1.69e+05      1.69e+05             1             1             1             1             0             0             0             0             0             0
 3.8000000e-02            76    5.0000000e-04      5.57e+05      5.57e+05      3.35e+00      1.66e+05      1.66e+05             1             1             1             1             0             0             0             0             0             0
 3.8500000e-02            77    5.0000000e-04      5.57e+05      5.57e+05      3.27e+00      1.70e+05      1.70e+05             1             1             1             1             0             0             0             0             0             0
 3.9000000e-02            78    5.0000000e-04      5.57e+05      5.57e+05      3.28e+00      1.70e+05      1.70e+05             1             1             1             1             0             0             0             0             0             0
 3.9500000e-02            79    5.0000000e-04      5.57e+05      5.57e+05      3.29e+00      1.69e+05      1.69e+05             1             1             1             1             0             0             0             0             0             0
 4.0000000e-02            80    5.0000000e-04      5.57e+05      5.57e+05      3.33e+00      1.67e+05      1.67e+05             1             1             1             1             0             0             0             0             0             0
 4.0500000e-02            81    5.0000000e-04      5.57e+05      5.57e+05      3.26e+00      1.71e+05      1.71e+05             1             1             1             1             0             0             0             0             0             0
 4.1000000e-02            82    5.0000000e-04      5.57e+05      5.57e+05      3.26e+00      1.71e+05      1.71e+05             1             1             1             1             0             0             0             0             0             0
 4.1500000e-02            83    5.0000000e-04      5.57e+05      5.57e+05      3.29e+00      1.69e+05      1.69e+05             1             1             1             1             0             0             0             0             0             0
 4.2000000e-02            84    5.0000000e-04      5.57e+05      5.57e+05      3.34e+00      1.67e+05      1.67e+05             1             1             1             1             0             0             0             0             0             0
 4.2500000e-02            85    5.0000000e-04      5.57e+05      5.57e+05      3.30e+00      1.69e+05      1.69e+05             1             1             1             1             0             0             0             0             0             0
 4.3000000e-02            86    5.0000000e-04      5.57e+05      5.57e+05      3.31e+00      1.68e+05      1.68e+05             1             1             1             1             0             0             0             0             0             0
 4.3500000e-02            87    5.0000000e-04      5.57e+05      5.57e+05      3.32e+00      1.68e+05      1.68e+05             1             1             1             1             0             0             0             0             0             0
 4.4000000e-02            88    5.0000000e-04      5.57e+05      5.57e+05      3.34e+00      1.67e+05      1.67e+05             1             1             1             1             0             0             0             0             0             0
 4.4500000e-02            89    5.0000000e-04      5.57e+05      5.57e+05      3.31e+00      1.68e+05      1.68e+05             1             1             1             1             0             0             0             0             0             0
 4.5000000e-02            90    5.0000000e-04      5.57e+05      5.57e+05      3.32e+00      1.68e+05      1.68e+05             1             1             1             1             0             0             0             0             0             0
 4.5500000e-02            91    5.0000000e-04      5.57e+05      5.57e+05      3.30e+00      1.69e+05      1.69e+05             1             1             1             1             0             0             0             0             0             0
 4.6000000e-02            92    5.0000000e-04      5.57e+05      5.57e+05      3.36e+00      1.66e+05      1.66e+05             1             1             1             1             0             0             0             0             0             0
 4.6500000e-02            93    5.0000000e-04      5.57e+05      5.57e+05      3.30e+00      1.69e+05      1.69e+05             1             1             1             1             0             0             0             0             0             0
 4.7000000e-02            94    5.0000000e-04      5.57e+05      5.57e+05      3.27e+00      1.70e+05      1.70e+05             1             1             1             1             0             0             0             0             0             0
 4.7500000e-02            95    5.0000000e-04      5.57e+05      5.57e+05      3.29e+00      1.69e+05      1.69e+05             1             1             1             1             0             0             0             0             0             0
 4.8000000e-02            96    5.0000000e-04      5.57e+05      5.57e+05      3.33e+00      1.67e+05      1.67e+05             1             1             1             1             0             0             0             0             0             0
 4.8500000e-02            97    5.0000000e-04      5.57e+05      5.57e+05      3.28e+00      1.70e+05      1.70e+05             1             1             1             1             0             0             0             0             0             0
 4.9000000e-02            98    5.0000000e-04      5.57e+05      5.57e+05      3.30e+00      1.69e+05      1.69e+05             1             1             1             1             0             0             0             0             0             0
 4.9500000e-02            99    5.0000000e-04      5.57e+05      5.57e+05      3.29e+00      1.69e+05      1.69e+05             1             1             1             1             0             0             0             0             0             0
 5.0000000e-02           100    5.0000000e-04      5.57e+05      5.57e+05      3.35e+00      1.66e+05      1.66e+05             1             1             1             1             0             0             0             0             0             0
 5.0500000e-02           101    5.0000000e-04      5.57e+05      5.57e+05      3.30e+00      1.69e+05      1.69e+05             1             1             1             1             0             0             0             0             0             0
 5.1000000e-02           102    5.0000000e-04      5.57e+05      5.57e+05      3.29e+00      1.69e+05      1.69e+05             1             1             1             1             0             0             0             0             0             0
 5.1500000e-02           103    5.0000000e-04      5.57e+05      5.57e+05      3.29e+00      1.69e+05      1.69e+05             1             1             1             1             0             0             0             0             0             0
 5.2000000e-02           104    5.0000000e-04      5.57e+05      5.57e+05      3.38e+00      1.65e+05      1.65e+05             1             1             1             1             0             0             0             0             0             0
 5.2500000e-02           105    5.0000000e-04      5.57e+05      5.57e+05      3.31e+00      1.68e+05      1.68e+05             1             1             1             1             0             0             0             0             0             0
 5.3000000e-02           106    5.0000000e-04      5.57e+05      5.57e+05      3.30e+00      1.69e+05      1.69e+05             1             1             1             1             0             0             0             0             0             0
 5.3500000e-02           107    5.0000000e-04      5.57e+05      5.57e+05      3.28e+00      1.70e+05      1.70e+05             1             1             1             1             0             0             0             0             0             0
 5.4000000e-02           108    5.0000000e-04      5.57e+05      5.57e+05      3.34e+00      1.67e+05      1.67e+05             1             1             1             1             0             0             0             0             0             0
 5.4500000e-02           109    5.0000000e-04      5.57e+05      5.57e+05      3.29e+00      1.70e+05      1.70e+05             1             1             1             1             0             0             0             0             0             0
 5.5000000e-02           110    5.0000000e-04      5.57e+05      5.57e+05      3.28e+00      1.70e+05      1.70e+05             1             1             1             1             0             0             0             0             0             0
 5.5500000e-02           111    5.0000000e-04      5.57e+05      5.57e+05      3.28e+00      1.70e+05      1.70e+05             1             1             1             1             0             0             0             0             0             0
 5.6000000e-02           112    5.0000000e-04      5.57e+05      5.57e+05      3.31e+00      1.68e+05      1.68e+05             1             1             1             1             0             0             0             0             0             0
 5.6500000e-02           113    5.0000000e-04      5.57e+05      5.57e+05      3.27e+00      1.70e+05      1.70e+05             1             1             1             1             0             0             0             0             0             0
 5.7000000e-02           114    5.0000000e-04      5.57e+05      5.57e+05      3.28e+00      1.70e+05      1.70e+05             1             1             1             1             0             0             0             0             0             0
 5.7500000e-02           115    5.0000000e-04      5.57e+05      5.57e+05      3.26e+00      1.71e+05      1.71e+05             1             1             1             1             0             0             0             0             0             0
 5.8000000e-02           116    5.0000000e-04      5.57e+05      5.57e+05      3.33e+00      1.67e+05      1.67e+05             1             1             1             1             0             0             0             0             0             0
 5.8500000e-02           117    5.0000000e-04      5.57e+05      5.57e+05      3.28e+00      1.70e+05      1.70e+05             1             1             1             1             0             0             0             0             0             0
 5.9000000e-02           118    5.0000000e-04      5.57e+05      5.57e+05      3.29e+00      1.70e+05      1.70e+05             1             1             1             1             0             0             0             0             0             0
 5.9500000e-02           119    5.0000000e-04      5.57e+05      5.57e+05      3.30e+00      1.69e+05      1.69e+05             1             1             1             1             0             0             0             0             0             0
 6.0000000e-02           120    5.0000000e-04      5.57e+05      5.57e+05      3.34e+00      1.67e+05      1.67e+05             1             1             1             1             0             0             0             0             0             0
 6.0500000e-02           121    5.0000000e-04      5.57e+05      5.57e+05      3.30e+00      1.69e+05      1.69e+05             1             1             1             1             0             0             0             0             0             0
 6.1000000e-02           122    5.0000000e-04      5.57e+05      5.57e+05      3.30e+00      1.69e+05      1.69e+05             1             1             1             1             0             0             0             0             0             0
 6.1500000e-02           123    5.0000000e-04      5.57e+05      5.57e+05      3.31e+00      1.68e+05      1.68e+05             1             1             1             1             0             0             0             0             0             0
 6.2000000e-02           124    5.0000000e-04      5.57e+05      5.57e+05      3.38e+00      1.65e+05      1.65e+05             1             1             1             1             0             0             0             0             0             0
 6.2500000e-02           125    5.0000000e-04      5.57e+05      5.57e+05      3.27e+00      1.70e+05      1.70e+05             1             1             1             1             0             0             0             0             0             0
 6.3000000e-02           126    5.0000000e-04      5.57e+05      5.57e+05      3.31e+00      1.68e+05      1.68e+05             1             1             1             1             0             0             0             0             0             0
 6.3500000e-02           127    5.0000000e-04      5.57e+05      5.57e+05      3.27e+00      1.70e+05      1.70e+05             1             1             1             1             0             0             0             0             0             0
 6.4000000e-02           128    5.0000000e-04      5.57e+05      5.57e+05      3.43e+00      1.63e+05      1.63e+05             1             1             1             1             0             0             0             0             0             0
 6.4500000e-02           129    5.0000000e-04      5.57e+05      5.57e+05      3.31e+00      1.68e+05      1.68e+05             1             1             1             1             0             0             0             0             0             0
 6.5000000e-02           130    5.0000000e-04      5.57e+05      5.57e+05      3.35e+00      1.66e+05      1.66e+05             1             1             1             1             0             0             0             0             0             0
 6.5500000e-02           131    5.0000000e-04      5.57e+05      5.57e+05      3.34e+00      1.67e+05      1.67e+05             1             1             1             1             0             0             0             0             0             0
 6.6000000e-02           132    5.0000000e-04      5.57e+05      5.57e+05      3.35e+00      1.66e+05      1.66e+05             1             1             1             1             0             0             0             0             0             0
 6.6500000e-02           133    5.0000000e-04      5.57e+05      5.57e+05      3.30e+00      1.69e+05      1.69e+05             1             1             1             1             0             0             0             0             0             0
 6.7000000e-02           134    5.0000000e-04      5.57e+05      5.57e+05      3.32e+00      1.68e+05      1.68e+05             1             1             1             1             0             0             0             0             0             0
 6.7500000e-02           135    5.0000000e-04      5.57e+05      5.57e+05      3.30e+00      1.69e+05      1.69e+05             1             1             1             1             0             0             0             0             0             0
 6.8000000e-02           136    5.0000000e-04      5.57e+05      5.57e+05      3.36e+00      1.66e+05      1.66e+05             1             1             1             1             0             0             0             0             0             0
 6.8500000e-02           137    5.0000000e-04      5.57e+05      5.57e+05      3.28e+00      1.70e+05      1.70e+05             1             1             1             1             0             0             0             0             0             0
 6.9000000e-02           138    5.0000000e-04      5.57e+05      5.57e+05      3.30e+00      1.69e+05      1.69e+05             1             1             1             1             0             0             0             0             0             0
 6.9500000e-02           139    5.0000000e-04      5.57e+05      5.57e+05      3.28e+00      1.70e+05      1.70e+05             1             1             1             1             0             0             0             0             0             0
 7.0000000e-02           140    5.0000000e-04      5.57e+05      5.57e+05      3.31e+00      1.68e+05      1.68e+05             1             1             1             1             0             0             0             0             0             0
 7.0500000e-02           141    5.0000000e-04      5.57e+05      5.57e+05      3.28e+00      1.70e+05      1.70e+05             1             1             1             1             0             0             0             0             0             0
 7.1000000e-02           142    5.0000000e-04      5.57e+05      5.57e+05      3.30e+00      1.69e+05      1.69e+05             1             1             1             1             0             0             0             0             0             0
 7.1500000e-02           143    5.0000000e-04      5.57e+05      5.57e+05      3.30e+00      1.69e+05      1.69e+05             1             1             1             1             0             0             0             0             0             0
 7.2000000e-02           144    5.0000000e-04      5.57e+05      5.57e+05      3.36e+00      1.66e+05      1.66e+05             1             1             1             1             0             0             0             0             0             0
 7.2500000e-02           145    5.0000000e-04      5.57e+05      5.57e+05      3.31e+00      1.68e+05      1.68e+05             1             1             1             1             0             0             0             0             0             0
 7.3000000e-02           146    5.0000000e-04      5.57e+05      5.57e+05      3.29e+00      1.69e+05      1.69e+05             1             1             1             1             0             0             0             0             0             0
 7.3500000e-02           147    5.0000000e-04      5.57e+05      5.57e+05      3.30e+00      1.69e+05      1.69e+05             1             1             1             1             0             0             0             0             0             0
 7.4000000e-02           148    5.0000000e-04      5.57e+05      5.57e+05      3.33e+00      1.67e+05      1.67e+05             1             1             1             1             0             0             0             0             0             0
 7.4500000e-02           149    5.0000000e-04      5.57e+05      5.57e+05      3.29e+00      1.69e+05      1.69e+05             1             1             1             1             0             0             0             0             0             0
 7.5000000e-02           150    5.0000000e-04      5.57e+05      5.57e+05      3.29e+00      1.69e+05      1.69e+05             1             1             1             1             0             0             0             0             0             0
 7.5500000e-02           151    5.0000000e-04      5.57e+05      5.57e+05      3.31e+00      1.68e+05      1.68e+05             1             1             1             1             0             0             0             0             0             0
 7.6000000e-02           152    5.0000000e-04      5.57e+05      5.57e+05      3.37e+00      1.65e+05      1.65e+05             1             1             1             1             0             0             0             0             0             0
 7.6500000e-02           153    5.0000000e-04      5.57e+05      5.57e+05      3.33e+00      1.67e+05      1.67e+05             1             1             1             1             0             0             0             0             0             0
 7.7000000e-02           154    5.0000000e-04      5.57e+05      5.57e+05      3.30e+00      1.69e+05      1.69e+05             1             1             1             1             0             0             0             0             0             0
 7.7500000e-02           155    5.0000000e-04      5.57e+05      5.57e+05      3.28e+00      1.70e+05      1.70e+05             1             1             1             1             0             0             0             0             0             0
 7.8000000e-02           156    5.0000000e-04      5.57e+05      5.57e+05      3.36e+00      1.66e+05      1.66e+05             1             1             1             1             0             0             0             0             0             0
 7.8500000e-02           157    5.0000000e-04      5.57e+05      5.57e+05      3.28e+00      1.70e+05      1.70e+05             1             1             1             1             0             0             0             0             0             0
 7.9000000e-02           158    5.0000000e-04      5.57e+05      5.57e+05      3.28e+00      1.70e+05      1.70e+05             1             1             1             1             0             0             0             0             0             0
 7.9500000e-02           159    5.0000000e-04      5.57e+05      5.57e+05      3.27e+00      1.70e+05      1.70e+05             1             1             1             1             0             0             0             0             0             0
 8.0000000e-02           160    5.0000000e-04      5.57e+05      5.57e+05      3.33e+00      1.67e+05      1.67e+05             1             1             1             1             0             0             0             0             0             0
 8.0500000e-02           161    5.0000000e-04      5.57e+05      5.57e+05      3.27e+00      1.71e+05      1.71e+05             1             1             1             1             0             0             0             0             0             0
 8.1000000e-02           162    5.0000000e-04      5.57e+05      5.57e+05      3.26e+00      1.71e+05      1.71e+05             1             1             1             1             0             0             0             0             0             0
 8.1500000e-02           163    5.0000000e-04      5.57e+05      5.57e+05      3.27e+00      1.71e+05      1.71e+05             1             1             1             1             0             0             0             0             0             0
 8.2000000e-02           164    5.0000000e-04      5.57e+05      5.57e+05      3.35e+00      1.66e+05      1.66e+05             1             1             1             1             0             0             0             0             0             0
 8.2500000e-02           165    5.0000000e-04      5.57e+05      5.57e+05      3.28e+00      1.70e+05      1.70e+05             1             1             1             1             0             0             0             0             0             0
 8.3000000e-02           166    5.0000000e-04      5.57e+05      5.57e+05      3.29e+00      1.69e+05      1.69e+05             1             1             1             1             0             0             0             0             0             0
 8.3500000e-02           167    5.0000000e-04      5.57e+05      5.57e+05      3.28e+00      1.70e+05      1.70e+05             1             1             1             1             0             0             0             0             0             0
 8.4000000e-02           168    5.0000000e-04      5.57e+05      5.57e+05      3.33e+00      1.67e+05      1.67e+05             1             1             1             1             0             0             0             0             0             0
 8.4500000e-02           169    5.0000000e-04      5.57e+05      5.57e+05      3.29e+00      1.69e+05      1.69e+05             1             1             1             1             0             0             0             0             0             0
 8.5000000e-02           170    5.0000000e-04      5.57e+05      5.57e+05      3.28e+00      1.70e+05      1.70e+05             1             1             1             1             0             0             0             0             0             0
 8.5500000e-02           171    5.0000000e-04      5.57e+05      5.57e+05      3.29e+00      1.69e+05      1.69e+05             1             1             1             1             0             0             0             0             0             0
 8.6000000e-02           172    5.0000000e-04      5.57e+05      5.57e+05      3.35e+00      1.66e+05      1.66e+05             1             1             1             1             0             0             0             0             0             0
 8.6500000e-02           173    5.0000000e-04      5.57e+05      5.57e+05      3.30e+00      1.69e+05      1.69e+05             1             1             1             1             0             0             0             0             0             0
 8.7000000e-02           174    5.0000000e-04      5.57e+05      5.57e+05      3.29e+00      1.69e+05      1.69e+05             1             1             1             1             0             0             0             0             0             0
 8.7500000e-02           175    5.0000000e-04      5.57e+05      5.57e+05      3.31e+00      1.68e+05      1.68e+05             1             1             1             1             0             0             0             0             0             0
 8.8000000e-02           176    5.0000000e-04      5.57e+05      5.57e+05      3.32e+00      1.68e+05      1.68e+05             1             1             1             1             0             0             0             0             0             0
 8.8500000e-02           177    5.0000000e-04      5.57e+05      5.57e+05      3.27e+00      1.70e+05      1.70e+05             1             1             1             1             0             0             0             0             0             0
 8.9000000e-02           178    5.0000000e-04      5.57e+05      5.57e+05      3.28e+00      1.70e+05      1.70e+05             1             1             1             1             0             0             0             0             0             0
 8.9500000e-02           179    5.0000000e-04      5.57e+05      5.57e+05      3.27e+00      1.71e+05      1.71e+05             1             1             1             1             0             0             0             0             0             0
 9.0000000e-02           180    5.0000000e-04      5.57e+05      5.57e+05      3.34e+00      1.67e+05      1.67e+05             1             1             1             1             0             0             0             0             0             0
 9.0500000e-02           181    5.0000000e-04      5.57e+05      5.57e+05      3.28e+00      1.70e+05      1.70e+05             1             1             1             1             0             0             0             0             0             0
 9.1000000e-02           182    5.0000000e-04      5.57e+05      5.57e+05      3.27e+00      1.70e+05      1.70e+05             1             1             1             1             0             0             0             0             0             0
 9.1500000e-02           183    5.0000000e-04      5.57e+05      5.57e+05      3.28e+00      1.70e+05      1.70e+05             1             1             1             1             0             0             0             0             0             0
 9.2000000e-02           184    5.0000000e-04      5.57e+05      5.57e+05      3.33e+00      1.67e+05      1.67e+05             1             1             1             1             0             0             0             0             0             0
 9.2500000e-02           185    5.0000000e-04      5.57e+05      5.57e+05      3.31e+00      1.68e+05      1.68e+05             1             1             1             1             0             0             0             0             0             0
 9.3000000e-02           186    5.0000000e-04      5.57e+05      5.57e+05      3.36e+00      1.66e+05      1.66e+05             1             1             1             1             0             0             0             0             0             0
 9.3500000e-02           187    5.0000000e-04      5.57e+05      5.57e+05      3.42e+00      1.63e+05      1.63e+05             1             1             1             1             0             0             0             0             0             0
 9.4000000e-02           188    5.0000000e-04      5.57e+05      5.57e+05      3.46e+00      1.61e+05      1.61e+05             1             1             1             1             0             0             0             0             0             0
 9.4500000e-02           189    5.0000000e-04      5.57e+05      5.57e+05      3.32e+00      1.68e+05      1.68e+05             1             1             1             1             0             0             0             0             0             0
 9.5000000e-02           190    5.0000000e-04      5.57e+05      5.57e+05      3.29e+00      1.70e+05      1.70e+05             1             1             1             1             0             0             0             0             0             0
 9.5500000e-02           191    5.0000000e-04      5.57e+05      5.57e+05      3.33e+00      1.67e+05      1.67e+05             1             1             1             1             0             0             0             0             0             0
 9.6000000e-02           192    5.0000000e-04      5.57e+05      5.57e+05      3.39e+00      1.64e+05      1.64e+05             1             1             1             1             0             0             0             0             0             0
 9.6500000e-02           193    5.0000000e-04      5.57e+05      5.57e+05      3.29e+00      1.69e+05      1.69e+05             1             1             1             1             0             0             0             0             0             0
 9.7000000e-02           194    5.0000000e-04      5.57e+05      5.57e+05      3.33e+00      1.67e+05      1.67e+05             1             1             1             1             0             0             0             0             0             0
 9.7500000e-02           195    5.0000000e-04      5.57e+05      5.57e+05      3.51e+00      1.59e+05      1.59e+05             1             1             1             1             0             0             0             0             0             0
 9.8000000e-02           196    5.0000000e-04      5.57e+05      5.57e+05      3.37e+00      1.66e+05      1.66e+05             1             1             1             1             0             0             0             0             0             0
 9.8500000e-02           197    5.0000000e-04      5.57e+05      5.57e+05      3.35e+00      1.66e+05      1.66e+05             1             1             1             1             0             0             0             0             0             0
 9.9000000e-02           198    5.0000000e-04      5.57e+05      5.57e+05      3.31e+00      1.68e+05      1.68e+05             1             1             1             1             0             0             0             0             0             0
 9.9500000e-02           199    5.0000000e-04      5.57e+05      5.57e+05      3.29e+00      1.69e+05      1.69e+05             1             1             1             1             0             0             0             0             0             0
 1.0000000e-01           200    5.0000000e-04      5.57e+05      5.57e+05      3.35e+00      1.66e+05      1.66e+05             1             1             1             1             0             0             0             0             0             0
 1.0050000e-01           201    5.0000000e-04      5.57e+05      5.57e+05      3.29e+00      1.69e+05      1.69e+05             1             1             1             1             0             0             0             0             0             0
 1.0100000e-01           202    5.0000000e-04      5.57e+05      5.57e+05      3.29e+00      1.69e+05      1.69e+05             1             1             1             1             0             0             0             0             0             0
 1.0150000e-01           203    5.0000000e-04      5.57e+05      5.57e+05      3.32e+00      1.68e+05      1.68e+05             1             1             1             1             0             0             0             0             0             0
 1.0200000e-01           204    5.0000000e-04      5.57e+05      5.57e+05      3.36e+00      1.66e+05      1.66e+05             1             1             1             1             0             0             0             0             0             0
 1.0250000e-01           205    5.0000000e-04      5.57e+05      5.57e+05      3.34e+00      1.67e+05      1.67e+05             1             1             1             1             0             0             0             0             0             0
 1.0300000e-01           206    5.0000000e-04      5.57e+05      5.57e+05      3.31e+00      1.68e+05      1.68e+05             1             1             1             1             0             0             0             0             0             0
 1.0350000e-01           207    5.0000000e-04      5.57e+05      5.57e+05      3.29e+00      1.69e+05      1.69e+05             1             1             1             1             0             0             0             0             0             0
 1.0400000e-01           208    5.0000000e-04      5.57e+05      5.57e+05      3.38e+00      1.65e+05      1.65e+05             1             1             1             1             0             0             0             0             0             0
 1.0450000e-01           209    5.0000000e-04      5.57e+05      5.57e+05      3.33e+00      1.67e+05      1.67e+05             1             1             1             1             0             0             0             0             0             0
 1.0500000e-01           210    5.0000000e-04      5.57e+05      5.57e+05      3.29e+00      1.69e+05      1.69e+05             1             1             1             1             0             0             0             0             0             0
 1.0550000e-01           211    5.0000000e-04      5.57e+05      5.57e+05      3.28e+00      1.70e+05      1.70e+05             1             1             1             1             0             0             0             0             0             0
 1.0600000e-01           212    5.0000000e-04      5.57e+05      5.57e+05      3.34e+00      1.67e+05      1.67e+05             1             1             1             1             0             0             0             0             0             0
 1.0650000e-01           213    5.0000000e-04      5.57e+05      5.57e+05      3.28e+00      1.70e+05      1.70e+05             1             1             1             1             0             0             0             0             0             0
 1.0700000e-01           214    5.0000000e-04      5.57e+05      5.57e+05      3.29e+00      1.70e+05      1.70e+05             1             1             1             1             0             0             0             0             0             0
 1.0750000e-01           215    5.0000000e-04      5.57e+05      5.57e+05      3.27e+00      1.70e+05      1.70e+05             1             1             1             1             0             0             0             0             0             0
 1.0800000e-01           216    5.0000000e-04      5.57e+05      5.57e+05      3.36e+00      1.66e+05      1.66e+05             1             1             1             1             0             0             0             0             0             0
 1.0850000e-01           217    5.0000000e-04      5.57e+05      5.57e+05      3.28e+00      1.70e+05      1.70e+05             1             1             1             1             0             0             0             0             0             0
 1.0900000e-01           218    5.0000000e-04      5.57e+05      5.57e+05      3.30e+00      1.69e+05      1.69e+05             1             1             1             1             0             0             0             0             0             0
 1.0950000e-01           219    5.0000000e-04      5.57e+05      5.57e+05      3.29e+00      1.69e+05      1.69e+05             1             1             1             1             0             0             0             0             0             0
 1.1000000e-01           220    5.0000000e-04      5.57e+05      5.57e+05      3.35e+00      1.66e+05      1.66e+05             1             1             1             1             0             0             0             0             0             0
 1.1050000e-01           221    5.0000000e-04      5.57e+05      5.57e+05      3.28e+00      1.70e+05      1.70e+05             1             1             1             1             0             0             0             0             0             0
 1.1100000e-01           222    5.0000000e-04      5.57e+05      5.57e+05      3.30e+00      1.69e+05      1.69e+05             1             1             1             1             0             0             0             0             0             0
 1.1150000e-01           223    5.0000000e-04      5.57e+05      5.57e+05      3.30e+00      1.69e+05      1.69e+05             1             1             1             1             0             0             0             0             0             0
 1.1200000e-01           224    5.0000000e-04      5.57e+05      5.57e+05      3.35e+00      1.66e+05      1.66e+05             1             1             1             1             0             0             0             0             0             0
 1.1250000e-01           225    5.0000000e-04      5.57e+05      5.57e+05      3.27e+00      1.70e+05      1.70e+05             1             1             1             1             0             0             0             0             0             0
 1.1300000e-01           226    5.0000000e-04      5.57e+05      5.57e+05      3.28e+00      1.70e+05      1.70e+05             1             1             1             1             0             0             0             0             0             0
 1.1350000e-01           227    5.0000000e-04      5.57e+05      5.57e+05      3.29e+00      1.69e+05      1.69e+05             1             1             1             1             0             0             0             0             0             0
 1.1400000e-01           228    5.0000000e-04      5.57e+05      5.57e+05      3.35e+00      1.66e+05      1.66e+05             1             1             1             1             0             0             0             0             0             0
 1.1450000e-01           229    5.0000000e-04      5.57e+05      5.57e+05      3.31e+00      1.68e+05      1.68e+05             1             1             1             1             0             0             0             0             0             0
 1.1500000e-01           230    5.0000000e-04      5.57e+05      5.57e+05      3.30e+00      1.69e+05      1.69e+05             1             1             1             1             0             0             0             0             0             0
 1.1550000e-01           231    5.0000000e-04      5.57e+05      5.57e+05      3.30e+00      1.69e+05      1.69e+05             1             1             1             1             0             0             0             0             0             0
 1.1600000e-01           232    5.0000000e-04      5.57e+05      5.57e+05      3.37e+00      1.65e+05      1.65e+05             1             1             1             1             0             0             0             0             0             0
 1.1650000e-01           233    5.0000000e-04      5.57e+05      5.57e+05      3.35e+00      1.66e+05      1.66e+05             1             1             1             1             0             0             0             0             0             0
 1.1700000e-01           234    5.0000000e-04      5.57e+05      5.57e+05      3.31e+00      1.68e+05      1.68e+05             1             1             1             1             0             0             0             0             0             0
 1.1750000e-01           235    5.0000000e-04      5.57e+05      5.57e+05      3.28e+00      1.70e+05      1.70e+05             1             1             1             1             0             0             0             0             0             0
 1.1800000e-01           236    5.0000000e-04      5.57e+05      5.57e+05      3.35e+00      1.66e+05      1.66e+05             1             1             1             1             0             0             0             0             0             0
 1.1850000e-01           237    5.0000000e-04      5.57e+05      5.57e+05      3.33e+00      1.67e+05      1.67e+05             1             1             1             1             0             0             0             0             0             0
 1.1900000e-01           238    5.0000000e-04      5.57e+05      5.57e+05      3.37e+00      1.65e+05      1.65e+05             1             1             1             1             0             0             0             0             0             0
 1.1950000e-01           239    5.0000000e-04      5.57e+05      5.57e+05      3.33e+00      1.68e+05      1.68e+05             1             1             1             1             0             0             0             0             0             0
 1.2000000e-01           240    5.0000000e-04      5.57e+05      5.57e+05      3.46e+00      1.61e+05      1.61e+05             1             1             1             1             0             0             0             0             0             0
 1.2050000e-01           241    5.0000000e-04      5.57e+05      5.57e+05      3.28e+00      1.70e+05      1.70e+05             1             1             1             1             0             0             0             0             0             0
 1.2100000e-01           242    5.0000000e-04      5.57e+05      5.57e+05      3.32e+00      1.68e+05      1.68e+05             1             1             1             1             0             0             0             0             0             0
 1.2150000e-01           243    5.0000000e-04      5.57e+05      5.57e+05      3.31e+00      1.68e+05      1.68e+05             1             1             1             1             0             0             0             0             0             0
 1.2200000e-01           244    5.0000000e-04      5.57e+05      5.57e+05      3.36e+00      1.66e+05      1.66e+05             1             1             1             1             0             0             0             0             0             0
 1.2250000e-01           245    5.0000000e-04      5.57e+05      5.57e+05      3.29e+00      1.69e+05      1.69e+05             1             1             1             1             0             0             0             0             0             0
 1.2300000e-01           246    5.0000000e-04      5.57e+05      5.57e+05      3.27e+00      1.70e+05      1.70e+05             1             1             1             1             0             0             0             0             0             0
 1.2350000e-01           247    5.0000000e-04      5.57e+05      5.57e+05      3.30e+00      1.69e+05      1.69e+05             1             1             1             1             0             0             0             0             0             0
 1.2400000e-01           248    5.0000000e-04      5.57e+05      5.57e+05      3.34e+00      1.67e+05      1.67e+05             1             1             1             1             0             0             0             0             0             0
 1.2450000e-01           249    5.0000000e-04      5.57e+05      5.57e+05      3.28e+00      1.70e+05      1.70e+05             1             1             1             1             0             0             0             0             0             0
 1.2500000e-01           250    5.0000000e-04      5.57e+05      5.57e+05      3.28e+00      1.70e+05      1.70e+05             1             1             1             1             0             0             0             0             0             0
 1.2550000e-01           251    5.0000000e-04      5.57e+05      5.57e+05      3.31e+00      1.68e+05      1.68e+05             1             1             1             1             0             0             0             0             0             0
 1.2600000e-01           252    5.0000000e-04      5.57e+05      5.57e+05      3.36e+00      1.66e+05      1.66e+05             1             1             1             1             0             0             0             0             0             0
 1.2650000e-01           253    5.0000000e-04      5.57e+05      5.57e+05      3.33e+00      1.68e+05      1.68e+05             1             1             1             1             0             0             0             0             0             0
 1.2700000e-01           254    5.0000000e-04      5.57e+05      5.57e+05      3.31e+00      1.69e+05      1.69e+05             1             1             1             1             0             0             0             0             0             0
 1.2750000e-01           255    5.0000000e-04      5.57e+05      5.57e+05      3.27e+00      1.70e+05      1.70e+05             1             1             1             1             0             0             0             0             0             0
 1.2800000e-01           256    5.0000000e-04      5.57e+05      5.57e+05      3.33e+00      1.67e+05      1.67e+05             1             1             1             1             0             0             0             0             0             0
 1.2850000e-01           257    5.0000000e-04      5.57e+05      5.57e+05      3.31e+00      1.68e+05      1.68e+05             1             1             1             1             0             0             0             0             0             0
 1.2900000e-01           258    5.0000000e-04      5.57e+05      5.57e+05      3.33e+00      1.67e+05      1.67e+05             1             1             1             1             0             0             0             0             0             0
 1.2950000e-01           259    5.0000000e-04      5.57e+05      5.57e+05      3.30e+00      1.69e+05      1.69e+05             1             1             1             1             0             0             0             0             0             0
 1.3000000e-01           260    5.0000000e-04      5.57e+05      5.57e+05      3.37e+00      1.65e+05      1.65e+05             1             1             1             1             0             0             0             0             0             0
 1.3050000e-01           261    5.0000000e-04      5.57e+05      5.57e+05      3.29e+00      1.69e+05      1.69e+05             1             1             1             1             0             0             0             0             0             0
 1.3100000e-01           262    5.0000000e-04      5.57e+05      5.57e+05      3.31e+00      1.68e+05      1.68e+05             1             1             1             1             0             0             0             0             0             0
 1.3150000e-01           263    5.0000000e-04      5.57e+05      5.57e+05      3.34e+00      1.67e+05      1.67e+05             1             1             1             1             0             0             0             0             0             0
 1.3200000e-01           264    5.0000000e-04      5.57e+05      5.57e+05      3.39e+00      1.64e+05      1.64e+05             1             1             1             1             0             0             0             0             0             0
 1.3250000e-01           265    5.0000000e-04      5.57e+05      5.57e+05      3.31e+00      1.68e+05      1.68e+05             1             1             1             1             0             0             0             0             0             0
 1.3300000e-01           266    5.0000000e-04      5.57e+05      5.57e+05      3.31e+00      1.68e+05      1.68e+05             1             1             1             1             0             0             0             0             0             0
 1.3350000e-01           267    5.0000000e-04      5.57e+05      5.57e+05      3.34e+00      1.67e+05      1.67e+05             1             1             1             1             0             0             0             0             0             0
 1.3400000e-01           268    5.0000000e-04      5.57e+05      5.57e+05      3.35e+00      1.66e+05      1.66e+05             1             1             1             1             0             0             0             0             0             0
 1.3450000e-01           269    5.0000000e-04      5.57e+05      5.57e+05      3.31e+00      1.69e+05      1.69e+05             1             1             1             1             0             0             0             0             0             0
 1.3500000e-01           270    5.0000000e-04      5.57e+05      5.57e+05      3.35e+00      1.66e+05      1.66e+05             1             1             1             1             0             0             0             0             0             0
 1.3550000e-01           271    5.0000000e-04      5.57e+05      5.57e+05      3.30e+00      1.69e+05      1.69e+05             1             1             1             1             0             0             0             0             0             0
 1.3600000e-01           272    5.0000000e-04      5.57e+05      5.57e+05      3.34e+00      1.67e+05      1.67e+05             1             1             1             1             0             0             0             0             0             0
 1.3650000e-01           273    5.0000000e-04      5.57e+05      5.57e+05      3.37e+00      1.65e+05      1.65e+05             1             1             1             1             0             0             0             0             0             0
 1.3700000e-01           274    5.0000000e-04      5.57e+05      5.57e+05      3.32e+00      1.68e+05      1.68e+05             1             1             1             1             0             0             0             0             0             0
 1.3750000e-01           275    5.0000000e-04      5.57e+05      5.57e+05      3.34e+00      1.67e+05      1.67e+05             1             1             1             1             0             0             0             0             0             0
 1.3800000e-01           276    5.0000000e-04      5.57e+05      5.57e+05      3.37e+00      1.65e+05      1.65e+05             1             1             1             1             0             0             0             0             0             0
 1.3850000e-01           277    5.0000000e-04      5.57e+05      5.57e+05      3.29e+00      1.69e+05      1.69e+05             1             1             1             1             0             0             0             0             0             0
 1.3900000e-01           278    5.0000000e-04      5.57e+05      5.57e+05      3.29e+00      1.69e+05      1.69e+05             1             1             1             1             0             0             0             0             0             0
 1.3950000e-01           279    5.0000000e-04      5.57e+05      5.57e+05      3.28e+00      1.70e+05      1.70e+05             1             1             1             1             0             0             0             0             0             0
 1.4000000e-01           280    5.0000000e-04      5.57e+05      5.57e+05      3.34e+00      1.67e+05      1.67e+05             1             1             1             1             0             0             0             0             0             0
 1.4050000e-01           281    5.0000000e-04      5.57e+05      5.57e+05      3.28e+00      1.70e+05      1.70e+05             1             1             1             1             0             0             0             0             0             0
 1.4100000e-01           282    5.0000000e-04      5.57e+05      5.57e+05      3.27e+00      1.71e+05      1.71e+05             1             1             1             1             0             0             0             0             0             0
 1.4150000e-01           283    5.0000000e-04      5.57e+05      5.57e+05      3.27e+00      1.70e+05      1.70e+05             1             1             1             1             0             0             0             0             0             0
 1.4200000e-01           284    5.0000000e-04      5.57e+05      5.57e+05      3.34e+00      1.67e+05      1.67e+05             1             1             1             1             0             0             0             0             0             0
 1.4250000e-01           285    5.0000000e-04      5.57e+05      5.57e+05      3.28e+00      1.70e+05      1.70e+05             1             1             1             1             0             0             0             0             0             0
 1.4300000e-01           286    5.0000000e-04      5.57e+05      5.57e+05      3.36e+00      1.66e+05      1.66e+05             1             1             1             1             0             0             0             0             0             0
 1.4350000e-01           287    5.0000000e-04      5.57e+05      5.57e+05      3.30e+00      1.69e+05      1.69e+05             1             1             1             1             0             0             0             0             0             0
 1.4400000e-01           288    5.0000000e-04      5.57e+05      5.57e+05      3.40e+00      1.64e+05      1.64e+05             1             1             1             1             0             0             0             0             0             0
 1.4450000e-01           289    5.0000000e-04      5.57e+05      5.57e+05      3.29e+00      1.69e+05      1.69e+05             1             1             1             1             0             0             0             0             0             0
 1.4500000e-01           290    5.0000000e-04      5.57e+05      5.57e+05      3.31e+00      1.68e+05      1.68e+05             1             1             1             1             0             0             0             0             0             0
 1.4550000e-01           291    5.0000000e-04      5.57e+05      5.57e+05      3.33e+00      1.67e+05      1.67e+05             1             1             1             1             0             0             0             0             0             0
 1.4600000e-01           292    5.0000000e-04      5.57e+05      5.57e+05      3.35e+00      1.66e+05      1.66e+05             1             1             1             1             0             0             0             0             0             0
 1.4650000e-01           293    5.0000000e-04      5.57e+05      5.57e+05      3.36e+00      1.66e+05      1.66e+05             1             1             1             1             0             0             0             0             0             0
 1.4700000e-01           294    5.0000000e-04      5.57e+05      5.57e+05      3.37e+00      1.65e+05      1.65e+05             1             1             1             1             0             0             0             0             0             0
 1.4750000e-01           295    5.0000000e-04      5.57e+05      5.57e+05      3.35e+00      1.66e+05      1.66e+05             1             1             1             1             0             0             0             0             0             0
 1.4800000e-01           296    5.0000000e-04      5.57e+05      5.57e+05      3.36e+00      1.66e+05      1.66e+05             1             1             1             1             0             0             0             0             0             0
 1.4850000e-01           297    5.0000000e-04      5.57e+05      5.57e+05      3.32e+00      1.68e+05      1.68e+05             1             1             1             1             0             0             0             0             0             0
 1.4900000e-01           298    5.0000000e-04      5.57e+05      5.57e+05      3.36e+00      1.66e+05      1.66e+05             1             1             1             1             0             0             0             0             0             0
 1.4950000e-01           299    5.0000000e-04      5.57e+05      5.57e+05      3.31e+00      1.68e+05      1.68e+05             1             1             1             1             0             0             0             0             0             0
 1.5000000e-01           300    5.0000000e-04      5.57e+05      5.57e+05      3.40e+00      1.64e+05      1.64e+05             1             1             1             1             0             0             0             0             0             0
 1.5050000e-01           301    5.0000000e-04      5.57e+05      5.57e+05      3.34e+00      1.67e+05      1.67e+05             1             1             1             1             0             0             0             0             0             0
 1.5100000e-01           302    5.0000000e-04      5.57e+05      5.57e+05      3.36e+00      1.66e+05      1.66e+05             1             1             1             1             0             0             0             0             0             0
 1.5150000e-01           303    5.0000000e-04      5.57e+05      5.57e+05      3.33e+00      1.67e+05      1.67e+05             1             1             1             1             0             0             0             0             0             0
 1.5200000e-01           304    5.0000000e-04      5.57e+05      5.57e+05      3.37e+00      1.65e+05      1.65e+05             1             1             1             1             0             0             0             0             0             0
 1.5250000e-01           305    5.0000000e-04      5.57e+05      5.57e+05      3.34e+00      1.67e+05      1.67e+05             1             1             1             1             0             0             0             0             0             0
 1.5300000e-01           306    5.0000000e-04      5.57e+05      5.57e+05      3.50e+00      1.59e+05      1.59e+05             1             1             1             1             0             0             0             0             0             0
 1.5350000e-01           307    5.0000000e-04      5.57e+05      5.57e+05      3.36e+00      1.66e+05      1.66e+05             1             1             1             1             0             0             0             0             0             0
 1.5400000e-01           308    5.0000000e-04      5.57e+05      5.57e+05      3.34e+00      1.67e+05      1.67e+05             1             1             1             1             0             0             0             0             0             0
 1.5450000e-01           309    5.0000000e-04      5.57e+05      5.57e+05      3.37e+00      1.65e+05      1.65e+05             1             1             1             1             0             0             0             0             0             0
 1.5500000e-01           310    5.0000000e-04      5.57e+05      5.57e+05      3.46e+00      1.61e+05      1.61e+05             1             1             1             1             0             0             0             0             0             0
 1.5550000e-01           311    5.0000000e-04      5.57e+05      5.57e+05      3.30e+00      1.69e+05      1.69e+05             1             1             1             1             0             0             0             0             0             0
 1.5600000e-01           312    5.0000000e-04      5.57e+05      5.57e+05      3.36e+00      1.66e+05      1.66e+05             1             1             1             1             0             0             0             0             0             0
 1.5650000e-01           313    5.0000000e-04      5.57e+05      5.57e+05      3.31e+00      1.68e+05      1.68e+05             1             1             1             1             0             0             0             0             0             0
 1.5700000e-01           314    5.0000000e-04      5.57e+05      5.57e+05      3.31e+00      1.68e+05      1.68e+05             1             1             1             1             0             0             0             0             0             0
 1.5750000e-01           315    5.0000000e-04      5.57e+05      5.57e+05      3.30e+00      1.69e+05      1.69e+05             1             1             1             1             0             0             0             0             0             0
 1.5800000e-01           316    5.0000000e-04      5.57e+05      5.57e+05      3.34e+00      1.67e+05      1.67e+05             1             1             1             1             0             0             0             0             0             0
 1.5850000e-01           317    5.0000000e-04      5.57e+05      5.57e+05      3.41e+00      1.63e+05      1.63e+05             1             1             1             1             0             0             0             0             0             0
 1.5900000e-01           318    5.0000000e-04      5.57e+05      5.57e+05      3.32e+00      1.68e+05      1.68e+05             1             1             1             1             0             0             0             0             0             0
 1.5950000e-01           319    5.0000000e-04      5.57e+05      5.57e+05      3.34e+00      1.67e+05      1.67e+05             1             1             1             1             0             0             0             0             0             0
 1.6000000e-01           320    5.0000000e-04      5.57e+05      5.57e+05      3.36e+00      1.66e+05      1.66e+05             1             1             1             1             0             0             0             0             0             0
 1.6050000e-01           321    5.0000000e-04      5.57e+05      5.57e+05      3.30e+00      1.69e+05      1.69e+05             1             1             1             1             0             0             0             0             0             0
 1.6100000e-01           322    5.0000000e-04      5.57e+05      5.57e+05      3.27e+00      1.70e+05      1.70e+05             1             1             1             1             0             0             0             0             0             0
 1.6150000e-01           323    5.0000000e-04      5.57e+05      5.57e+05      3.28e+00      1.70e+05      1.70e+05             1             1             1             1             0             0             0             0             0             0
 1.6200000e-01           324    5.0000000e-04      5.57e+05      5.57e+05      3.33e+00      1.67e+05      1.67e+05             1             1             1             1             0             0             0             0             0             0
 1.6250000e-01           325    5.0000000e-04      5.57e+05      5.57e+05      3.29e+00      1.69e+05      1.69e+05             1             1             1             1             0             0             0             0             0             0
 1.6300000e-01           326    5.0000000e-04      5.57e+05      5.57e+05      3.31e+00      1.68e+05      1.68e+05             1             1             1             1             0             0             0             0             0             0
 1.6350000e-01           327    5.0000000e-04      5.57e+05      5.57e+05      3.28e+00      1.70e+05      1.70e+05             1             1             1             1             0             0             0             0             0             0
 1.6400000e-01           328    5.0000000e-04      5.57e+05      5.57e+05      3.35e+00      1.66e+05      1.66e+05             1             1             1             1             0             0             0             0             0             0
 1.6450000e-01           329    5.0000000e-04      5.57e+05      5.57e+05      3.29e+00      1.69e+05      1.69e+05             1             1             1             1             0             0             0             0             0             0
 1.6500000e-01           330    5.0000000e-04      5.57e+05      5.57e+05      3.38e+00      1.65e+05      1.65e+05             1             1             1             1             0             0             0             0             0             0
 1.6550000e-01           331    5.0000000e-04      5.57e+05      5.57e+05      3.31e+00      1.69e+05      1.69e+05             1             1             1             1             0             0             0             0             0             0
 1.6600000e-01           332    5.0000000e-04      5.57e+05      5.57e+05      3.39e+00      1.64e+05      1.64e+05             1             1             1             1             0             0             0             0             0             0
 1.6650000e-01           333    5.0000000e-04      5.57e+05      5.57e+05      3.31e+00      1.68e+05      1.68e+05             1             1             1             1             0             0             0             0             0             0
 1.6700000e-01           334    5.0000000e-04      5.57e+05      5.57e+05      3.34e+00      1.67e+05      1.67e+05             1             1             1             1             0             0             0             0             0             0
 1.6750000e-01           335    5.0000000e-04      5.57e+05      5.57e+05      3.32e+00      1.68e+05      1.68e+05             1             1             1             1             0             0             0             0             0             0
 1.6800000e-01           336    5.0000000e-04      5.57e+05      5.57e+05      3.35e+00      1.66e+05      1.66e+05             1             1             1             1             0             0             0             0             0             0
 1.6850000e-01           337    5.0000000e-04      5.57e+05      5.57e+05      3.29e+00      1.69e+05      1.69e+05             1             1             1             1             0             0             0             0             0             0
 1.6900000e-01           338    5.0000000e-04      5.57e+05      5.57e+05      3.29e+00      1.69e+05      1.69e+05             1             1             1             1             0             0             0             0             0             0
 1.6950000e-01           339    5.0000000e-04      5.57e+05      5.57e+05      3.26e+00      1.71e+05      1.71e+05             1             1             1             1             0             0             0             0             0             0
 1.7000000e-01           340    5.0000000e-04      5.57e+05      5.57e+05      3.64e+00      1.53e+05      1.53e+05             1             1             1             1             0             0             0             0             0             0
 1.7050000e-01           341    5.0000000e-04      5.57e+05      5.57e+05      3.45e+00      1.62e+05      1.62e+05             1             1             1             1             0             0             0             0             0             0
 1.7100000e-01           342    5.0000000e-04      5.57e+05      5.57e+05      3.30e+00      1.69e+05      1.69e+05             1             1             1             1             0             0             0             0             0             0
 1.7150000e-01           343    5.0000000e-04      5.57e+05      5.57e+05      3.43e+00      1.63e+05      1.63e+05             1             1             1             1             0             0             0             0             0             0
 1.7200000e-01           344    5.0000000e-04      5.57e+05      5.57e+05      3.46e+00      1.61e+05      1.61e+05             1             1             1             1             0             0             0             0             0             0
 1.7250000e-01           345    5.0000000e-04      5.57e+05      5.57e+05      3.31e+00      1.68e+05      1.68e+05             1             1             1             1             0             0             0             0             0             0
 1.7300000e-01           346    5.0000000e-04      5.57e+05      5.57e+05      3.31e+00      1.68e+05      1.68e+05             1             1             1             1             0             0             0             0             0             0
 1.7350000e-01           347    5.0000000e-04      5.57e+05      5.57e+05      3.34e+00      1.67e+05      1.67e+05             1             1             1             1             0             0             0             0             0             0
 1.7400000e-01           348    5.0000000e-04      5.57e+05      5.57e+05      3.53e+00      1.58e+05      1.58e+05             1             1             1             1             0             0             0             0             0             0
 1.7450000e-01           349    5.0000000e-04      5.57e+05      5.57e+05      3.31e+00      1.68e+05      1.68e+05             1             1             1             1             0             0             0             0             0             0
 1.7500000e-01           350    5.0000000e-04      5.57e+05      5.57e+05      3.29e+00      1.69e+05      1.69e+05             1             1             1             1             0             0             0             0             0             0
 1.7550000e-01           351    5.0000000e-04      5.57e+05      5.57e+05      3.32e+00      1.68e+05      1.68e+05             1             1             1             1             0             0             0             0             0             0
 1.7600000e-01           352    5.0000000e-04      5.57e+05      5.57e+05      3.35e+00      1.66e+05      1.66e+05             1             1             1             1             0             0             0             0             0             0
 1.7650000e-01           353    5.0000000e-04      5.57e+05      5.57e+05      3.29e+00      1.70e+05      1.70e+05             1             1             1             1             0             0             0             0             0             0
 1.7700000e-01           354    5.0000000e-04      5.57e+05      5.57e+05      3.28e+00      1.70e+05      1.70e+05             1             1             1             1             0             0             0             0             0             0
 1.7750000e-01           355    5.0000000e-04      5.57e+05      5.57e+05      3.32e+00      1.68e+05      1.68e+05             1             1             1             1             0             0             0             0             0             0
 1.7800000e-01           356    5.0000000e-04      5.57e+05      5.57e+05      3.42e+00      1.63e+05      1.63e+05             1             1             1             1             0             0             0             0             0             0
 1.7850000e-01           357    5.0000000e-04      5.57e+05      5.57e+05      3.30e+00      1.69e+05      1.69e+05             1             1             1             1             0             0             0             0             0             0
 1.7900000e-01           358    5.0000000e-04      5.57e+05      5.57e+05      3.45e+00      1.62e+05      1.62e+05             1             1             1             1             0             0             0             0             0             0
 1.7950000e-01           359    5.0000000e-04      5.57e+05      5.57e+05      3.27e+00      1.70e+05      1.70e+05             1             1             1             1             0             0             0             0             0             0
 1.8000000e-01           360    5.0000000e-04      5.57e+05      5.57e+05      3.33e+00      1.67e+05      1.67e+05             1             1             1             1             0             0             0             0             0             0
 1.8050000e-01           361    5.0000000e-04      5.57e+05      5.57e+05      3.36e+00      1.66e+05      1.66e+05             1             1             1             1             0             0             0             0             0             0
 1.8100000e-01           362    5.0000000e-04      5.57e+05      5.57e+05      3.32e+00      1.68e+05      1.68e+05             1             1             1             1             0             0             0             0             0             0
 1.8150000e-01           363    5.0000000e-04      5.57e+05      5.57e+05      3.35e+00      1.66e+05      1.66e+05             1             1             1             1             0             0             0             0             0             0
 1.8200000e-01           364    5.0000000e-04      5.57e+05      5.57e+05      3.36e+00      1.66e+05      1.66e+05             1             1             1             1             0             0             0             0             0             0
 1.8250000e-01           365    5.0000000e-04      5.57e+05      5.57e+05      3.43e+00      1.62e+05      1.62e+05             1             1             1             1             0             0             0             0             0             0
 1.8274685e-01           366    2.4684562e-04      5.57e+05      5.57e+05      2.71e+00      2.06e+05      2.06e+05             1             1             1             1             0             0             0             0             0             0
